{
  "nbformat": 4,
  "nbformat_minor": 0,
  "metadata": {
    "colab": {
      "name": "Data Analyst_tasks(Tatevik Khachatryan).ipynb",
      "provenance": [],
      "collapsed_sections": [],
      "mount_file_id": "1SVCmfZh4Ir3uQNIqP7AWrW8SCW6jmojt",
      "authorship_tag": "ABX9TyMliAxlPj4jVhO3VI6h1RI/",
      "include_colab_link": true
    },
    "kernelspec": {
      "name": "python3",
      "display_name": "Python 3"
    },
    "language_info": {
      "name": "python"
    }
  },
  "cells": [
    {
      "cell_type": "markdown",
      "metadata": {
        "id": "view-in-github",
        "colab_type": "text"
      },
      "source": [
        "<a href=\"https://colab.research.google.com/github/TatKhachatryan/Data_Analyst_tasks/blob/main/Data_Analyst_tasks(Tatevik_Khachatryan).ipynb\" target=\"_parent\"><img src=\"https://colab.research.google.com/assets/colab-badge.svg\" alt=\"Open In Colab\"/></a>"
      ]
    },
    {
      "cell_type": "code",
      "execution_count": 78,
      "metadata": {
        "id": "VgC7QmJUF3PY"
      },
      "outputs": [],
      "source": [
        "import pandas as pd\n",
        "import numpy as np\n",
        "import pandas.util.testing as tm\n",
        "\n",
        "import matplotlib.pyplot as plt\n",
        "import seaborn as sns\n",
        "import plotly.express as px\n",
        "%matplotlib inline\n",
        "\n",
        "from sklearn import preprocessing, svm\n",
        "from sklearn.model_selection import train_test_split\n",
        "from sklearn.linear_model import LinearRegression\n",
        "from sklearn.linear_model import LogisticRegression\n",
        "from sklearn.linear_model import SGDClassifier\n",
        "from sklearn.metrics import confusion_matrix\n",
        "from sklearn.metrics import classification_report\n",
        "from sklearn.metrics import accuracy_score\n",
        "from sklearn.utils import resample\n",
        "import statsmodels.api as sm\n",
        "\n",
        "import warnings\n",
        "warnings.filterwarnings('ignore')\n",
        "pd.options.mode.chained_assignment = None\n"
      ]
    },
    {
      "cell_type": "markdown",
      "source": [
        "# **Task 1: Data Cleaning**"
      ],
      "metadata": {
        "id": "NfLTvXYTG1_u"
      }
    },
    {
      "cell_type": "code",
      "source": [
        "df = pd.read_csv('/content/drive/MyDrive/loans.csv')\n",
        "# df.head()\n",
        "df.info()"
      ],
      "metadata": {
        "colab": {
          "base_uri": "https://localhost:8080/"
        },
        "id": "F-S4v6qXGbis",
        "outputId": "a87db156-fd4e-409b-c1ac-c9323829dfd1"
      },
      "execution_count": 2,
      "outputs": [
        {
          "output_type": "stream",
          "name": "stdout",
          "text": [
            "<class 'pandas.core.frame.DataFrame'>\n",
            "RangeIndex: 203 entries, 0 to 202\n",
            "Data columns (total 19 columns):\n",
            " #   Column                    Non-Null Count  Dtype  \n",
            "---  ------                    --------------  -----  \n",
            " 0   SEX                       203 non-null    object \n",
            " 1   OPENDATE                  203 non-null    object \n",
            " 2   CURRENCY                  198 non-null    float64\n",
            " 3   RATE                      203 non-null    object \n",
            " 4   DISBURSEMENT              200 non-null    float64\n",
            " 5   OUTSTANDING               201 non-null    float64\n",
            " 6   OVERDUEDAYS               203 non-null    int64  \n",
            " 7   rcvLoansCount             203 non-null    int64  \n",
            " 8   banks_rcvloans            203 non-null    object \n",
            " 9   uco_rcvloans              203 non-null    int64  \n",
            " 10  nonOverdue_loans_prop     202 non-null    object \n",
            " 11  liabs_and_principal_prop  203 non-null    object \n",
            " 12  CurrentLoansCount         203 non-null    int64  \n",
            " 13  maxLoan                   203 non-null    int64  \n",
            " 14  currentPMT                202 non-null    float64\n",
            " 15  total_repaid_amount       201 non-null    float64\n",
            " 16  totOverdue                203 non-null    int64  \n",
            " 17  totLiab                   202 non-null    float64\n",
            " 18  SwitchClassQ              203 non-null    int64  \n",
            "dtypes: float64(6), int64(7), object(6)\n",
            "memory usage: 30.3+ KB\n"
          ]
        }
      ]
    },
    {
      "cell_type": "markdown",
      "source": [
        "Քանի որ 'nonOverdue_loans_prop' սյունակի արժեքները թվային են, ես որոշեցի 'object' type-ից այն դարձնել 'float64'. Սակայն ստացա ValueError. Պատճառը այս արժեքն էր - '0?2a' 16 ինդեքսով (նայիր ներքևում)."
      ],
      "metadata": {
        "id": "8OVjSMUlHGdF"
      }
    },
    {
      "cell_type": "code",
      "source": [
        "df.loc[df['nonOverdue_loans_prop']=='0?2a']"
      ],
      "metadata": {
        "colab": {
          "base_uri": "https://localhost:8080/",
          "height": 145
        },
        "id": "TfMksJHEHPlg",
        "outputId": "9a4ae8e4-b885-4f49-ba96-0042052bda81"
      },
      "execution_count": 3,
      "outputs": [
        {
          "output_type": "execute_result",
          "data": {
            "text/html": [
              "\n",
              "  <div id=\"df-74118277-3bd6-4a5e-bbfe-15eba20d351f\">\n",
              "    <div class=\"colab-df-container\">\n",
              "      <div>\n",
              "<style scoped>\n",
              "    .dataframe tbody tr th:only-of-type {\n",
              "        vertical-align: middle;\n",
              "    }\n",
              "\n",
              "    .dataframe tbody tr th {\n",
              "        vertical-align: top;\n",
              "    }\n",
              "\n",
              "    .dataframe thead th {\n",
              "        text-align: right;\n",
              "    }\n",
              "</style>\n",
              "<table border=\"1\" class=\"dataframe\">\n",
              "  <thead>\n",
              "    <tr style=\"text-align: right;\">\n",
              "      <th></th>\n",
              "      <th>SEX</th>\n",
              "      <th>OPENDATE</th>\n",
              "      <th>CURRENCY</th>\n",
              "      <th>RATE</th>\n",
              "      <th>DISBURSEMENT</th>\n",
              "      <th>OUTSTANDING</th>\n",
              "      <th>OVERDUEDAYS</th>\n",
              "      <th>rcvLoansCount</th>\n",
              "      <th>banks_rcvloans</th>\n",
              "      <th>uco_rcvloans</th>\n",
              "      <th>nonOverdue_loans_prop</th>\n",
              "      <th>liabs_and_principal_prop</th>\n",
              "      <th>CurrentLoansCount</th>\n",
              "      <th>maxLoan</th>\n",
              "      <th>currentPMT</th>\n",
              "      <th>total_repaid_amount</th>\n",
              "      <th>totOverdue</th>\n",
              "      <th>totLiab</th>\n",
              "      <th>SwitchClassQ</th>\n",
              "    </tr>\n",
              "  </thead>\n",
              "  <tbody>\n",
              "    <tr>\n",
              "      <th>16</th>\n",
              "      <td>F</td>\n",
              "      <td>20/11/19</td>\n",
              "      <td>0.0</td>\n",
              "      <td>19.9</td>\n",
              "      <td>393000.0</td>\n",
              "      <td>393000.0</td>\n",
              "      <td>0</td>\n",
              "      <td>14</td>\n",
              "      <td>6</td>\n",
              "      <td>8</td>\n",
              "      <td>0?2a</td>\n",
              "      <td>0.558674686</td>\n",
              "      <td>8</td>\n",
              "      <td>1485000</td>\n",
              "      <td>283972.0</td>\n",
              "      <td>4145810.0</td>\n",
              "      <td>0</td>\n",
              "      <td>5248190.0</td>\n",
              "      <td>0</td>\n",
              "    </tr>\n",
              "  </tbody>\n",
              "</table>\n",
              "</div>\n",
              "      <button class=\"colab-df-convert\" onclick=\"convertToInteractive('df-74118277-3bd6-4a5e-bbfe-15eba20d351f')\"\n",
              "              title=\"Convert this dataframe to an interactive table.\"\n",
              "              style=\"display:none;\">\n",
              "        \n",
              "  <svg xmlns=\"http://www.w3.org/2000/svg\" height=\"24px\"viewBox=\"0 0 24 24\"\n",
              "       width=\"24px\">\n",
              "    <path d=\"M0 0h24v24H0V0z\" fill=\"none\"/>\n",
              "    <path d=\"M18.56 5.44l.94 2.06.94-2.06 2.06-.94-2.06-.94-.94-2.06-.94 2.06-2.06.94zm-11 1L8.5 8.5l.94-2.06 2.06-.94-2.06-.94L8.5 2.5l-.94 2.06-2.06.94zm10 10l.94 2.06.94-2.06 2.06-.94-2.06-.94-.94-2.06-.94 2.06-2.06.94z\"/><path d=\"M17.41 7.96l-1.37-1.37c-.4-.4-.92-.59-1.43-.59-.52 0-1.04.2-1.43.59L10.3 9.45l-7.72 7.72c-.78.78-.78 2.05 0 2.83L4 21.41c.39.39.9.59 1.41.59.51 0 1.02-.2 1.41-.59l7.78-7.78 2.81-2.81c.8-.78.8-2.07 0-2.86zM5.41 20L4 18.59l7.72-7.72 1.47 1.35L5.41 20z\"/>\n",
              "  </svg>\n",
              "      </button>\n",
              "      \n",
              "  <style>\n",
              "    .colab-df-container {\n",
              "      display:flex;\n",
              "      flex-wrap:wrap;\n",
              "      gap: 12px;\n",
              "    }\n",
              "\n",
              "    .colab-df-convert {\n",
              "      background-color: #E8F0FE;\n",
              "      border: none;\n",
              "      border-radius: 50%;\n",
              "      cursor: pointer;\n",
              "      display: none;\n",
              "      fill: #1967D2;\n",
              "      height: 32px;\n",
              "      padding: 0 0 0 0;\n",
              "      width: 32px;\n",
              "    }\n",
              "\n",
              "    .colab-df-convert:hover {\n",
              "      background-color: #E2EBFA;\n",
              "      box-shadow: 0px 1px 2px rgba(60, 64, 67, 0.3), 0px 1px 3px 1px rgba(60, 64, 67, 0.15);\n",
              "      fill: #174EA6;\n",
              "    }\n",
              "\n",
              "    [theme=dark] .colab-df-convert {\n",
              "      background-color: #3B4455;\n",
              "      fill: #D2E3FC;\n",
              "    }\n",
              "\n",
              "    [theme=dark] .colab-df-convert:hover {\n",
              "      background-color: #434B5C;\n",
              "      box-shadow: 0px 1px 3px 1px rgba(0, 0, 0, 0.15);\n",
              "      filter: drop-shadow(0px 1px 2px rgba(0, 0, 0, 0.3));\n",
              "      fill: #FFFFFF;\n",
              "    }\n",
              "  </style>\n",
              "\n",
              "      <script>\n",
              "        const buttonEl =\n",
              "          document.querySelector('#df-74118277-3bd6-4a5e-bbfe-15eba20d351f button.colab-df-convert');\n",
              "        buttonEl.style.display =\n",
              "          google.colab.kernel.accessAllowed ? 'block' : 'none';\n",
              "\n",
              "        async function convertToInteractive(key) {\n",
              "          const element = document.querySelector('#df-74118277-3bd6-4a5e-bbfe-15eba20d351f');\n",
              "          const dataTable =\n",
              "            await google.colab.kernel.invokeFunction('convertToInteractive',\n",
              "                                                     [key], {});\n",
              "          if (!dataTable) return;\n",
              "\n",
              "          const docLinkHtml = 'Like what you see? Visit the ' +\n",
              "            '<a target=\"_blank\" href=https://colab.research.google.com/notebooks/data_table.ipynb>data table notebook</a>'\n",
              "            + ' to learn more about interactive tables.';\n",
              "          element.innerHTML = '';\n",
              "          dataTable['output_type'] = 'display_data';\n",
              "          await google.colab.output.renderOutput(dataTable, element);\n",
              "          const docLink = document.createElement('div');\n",
              "          docLink.innerHTML = docLinkHtml;\n",
              "          element.appendChild(docLink);\n",
              "        }\n",
              "      </script>\n",
              "    </div>\n",
              "  </div>\n",
              "  "
            ],
            "text/plain": [
              "   SEX  OPENDATE  CURRENCY  ... totOverdue    totLiab  SwitchClassQ\n",
              "16   F  20/11/19       0.0  ...          0  5248190.0             0\n",
              "\n",
              "[1 rows x 19 columns]"
            ]
          },
          "metadata": {},
          "execution_count": 3
        }
      ]
    },
    {
      "cell_type": "markdown",
      "source": [
        "Ես փոխարինեցի '0?2a' արժեքը NaN արժեքով, այնուհետև կատարեցի 'object' - 'float64' փոփոխությունը։"
      ],
      "metadata": {
        "id": "9lvXWJ_fHYsS"
      }
    },
    {
      "cell_type": "code",
      "source": [
        "df['nonOverdue_loans_prop'] = df['nonOverdue_loans_prop'].replace({'0?2a': np.nan})\n",
        "df['nonOverdue_loans_prop'] = df['nonOverdue_loans_prop'].astype('float64')"
      ],
      "metadata": {
        "id": "bw7XFHGJHbq1"
      },
      "execution_count": 4,
      "outputs": []
    },
    {
      "cell_type": "code",
      "source": [
        "# df.isna().sum()"
      ],
      "metadata": {
        "id": "nK0wLlN1Hq8O"
      },
      "execution_count": 5,
      "outputs": []
    },
    {
      "cell_type": "markdown",
      "source": [
        "#### Եզրակացություն՝\n",
        "Տվյալներում կան 15 բացակա արժեքներ՝\n",
        "\n",
        "● CURRENCY - 5 <br>\n",
        "● DISBURSEMENT - 3 <br>\n",
        "● OUTSTANDING - 2 <br>\n",
        "● nonOverdue_loans_prop - 1 <br>\n",
        "● currentPMT - 1 <br>\n",
        "● total_repaid_amount - 2 <br>\n",
        "● totLiab - 1"
      ],
      "metadata": {
        "id": "vJR_F-6hHuBc"
      }
    },
    {
      "cell_type": "code",
      "source": [
        "# custom ֆունկցիա, որը բացակա արժեքները փոխարինում է տվյալ սյունակի միջին արժեքով\n",
        "def fill_missing_values(df):\n",
        "    df['DISBURSEMENT'].fillna(int(df['DISBURSEMENT'].mean()), inplace=True)\n",
        "    df['OUTSTANDING'].fillna(int(df['OUTSTANDING'].mean()), inplace=True)\n",
        "    df['nonOverdue_loans_prop'].fillna(int(df['nonOverdue_loans_prop'].mean()), inplace=True)\n",
        "    df['currentPMT'].fillna(int(df['currentPMT'].mean()), inplace=True)\n",
        "    df['total_repaid_amount'].fillna(int(df['total_repaid_amount'].mean()), inplace=True)\n",
        "    df['totLiab'].fillna(int(df['totLiab'].mean()), inplace=True)\n",
        "    \n",
        "    print('Done!')"
      ],
      "metadata": {
        "id": "BSTKKWwhHx2F"
      },
      "execution_count": 6,
      "outputs": []
    },
    {
      "cell_type": "code",
      "source": [
        "fill_missing_values(df)"
      ],
      "metadata": {
        "colab": {
          "base_uri": "https://localhost:8080/"
        },
        "id": "mgvre_m6H5Y3",
        "outputId": "6e437b30-4210-4bad-dd99-91fb18142b39"
      },
      "execution_count": 7,
      "outputs": [
        {
          "output_type": "stream",
          "name": "stdout",
          "text": [
            "Done!\n"
          ]
        }
      ]
    },
    {
      "cell_type": "markdown",
      "source": [
        "Որոշ սյունակներ ոչ ճշգրիտ/անհամապատասխան արժեքներ ունեն, հնարավորինս անվտանգ կերպով ուղղել եմ նմանատիպ արժեքները, առանց ինֆորմացիա կորցնելու՝"
      ],
      "metadata": {
        "id": "IA3uPGOcH-uB"
      }
    },
    {
      "cell_type": "code",
      "source": [
        "df['RATE'] = df['RATE'].replace({'24c': '24',\n",
        "                                '1999': '19.9'})\n",
        "\n",
        "df['DISBURSEMENT'] = df['DISBURSEMENT'].replace({-783000.: 783000., \n",
        "                                                 -500000.: 500000})\n",
        "\n",
        "df['rcvLoansCount'] = df['rcvLoansCount'].replace({-12: 12,\n",
        "                                                   106: 10,\n",
        "                                                  1999: 19})\n",
        "\n",
        "df['banks_rcvloans'] = df['banks_rcvloans'].replace({'1999': '19',\n",
        "                                                    '14b': '14'})\n",
        "\n",
        "df['uco_rcvloans'] = df['uco_rcvloans'].replace({1999: 19,\n",
        "                                                -3: 3})\n",
        "\n",
        "df['maxLoan'] = df['maxLoan'].replace({-1000000: 1000000,\n",
        "                                       -3000000: 3000000,\n",
        "                                       -1603860: 1603860})\n",
        "\n",
        "df['liabs_and_principal_prop'] = df['liabs_and_principal_prop'].replace({'0.187428195b': '0.187428195'})"
      ],
      "metadata": {
        "id": "gXvl0-dAH_dF"
      },
      "execution_count": 8,
      "outputs": []
    },
    {
      "cell_type": "code",
      "source": [
        "# 'CURRENCY' սյունակը պետք է պարունակի 0 և 1 արժեքները (AMD և USD). Քանի որ, չգիտեմ թե NaN արժեքի տակ ինչ փոխարժեք է, ստիպված եմ դրանք հեռացնել։\n",
        "df['CURRENCY'].unique()"
      ],
      "metadata": {
        "colab": {
          "base_uri": "https://localhost:8080/"
        },
        "id": "BnikKjM8ICdb",
        "outputId": "48bea4da-3a51-4bf7-c029-52777fbfae11"
      },
      "execution_count": 9,
      "outputs": [
        {
          "output_type": "execute_result",
          "data": {
            "text/plain": [
              "array([ 0., nan,  1.])"
            ]
          },
          "metadata": {},
          "execution_count": 9
        }
      ]
    },
    {
      "cell_type": "code",
      "source": [
        "#df.loc[(df['CURRENCY'] !=1) & (df['CURRENCY'] !=0)]\n",
        "\n",
        "df.drop([2, 14, 76, 89, 101], inplace=True)\n",
        "\n",
        "df['CURRENCY'] = df['CURRENCY'].astype('int')"
      ],
      "metadata": {
        "id": "8Y6UIC9wIMU0"
      },
      "execution_count": 10,
      "outputs": []
    },
    {
      "cell_type": "code",
      "source": [
        "# ևս մի քանի փոփոխություն տվյալների ճշգրիտ տեսակների մեջ\n",
        "df['OPENDATE'] = pd.to_datetime(df['OPENDATE'])\n",
        "df['RATE'] = df['RATE'].astype('float')\n",
        "df['banks_rcvloans'] = df['banks_rcvloans'].astype('int')\n",
        "df['liabs_and_principal_prop'] = df['liabs_and_principal_prop'].astype('float')"
      ],
      "metadata": {
        "id": "MfIWGCloIYW6"
      },
      "execution_count": 11,
      "outputs": []
    },
    {
      "cell_type": "markdown",
      "source": [
        "### Correlation փոփոխականների միջև"
      ],
      "metadata": {
        "id": "1EaGYtwXIjQ8"
      }
    },
    {
      "cell_type": "code",
      "source": [
        "corr = df.corr()\n",
        "\n",
        "fig = px.imshow(corr, text_auto='.2f', width=1000, height=800)\n",
        "fig.show()"
      ],
      "metadata": {
        "colab": {
          "base_uri": "https://localhost:8080/",
          "height": 817
        },
        "id": "FTaS3aMyIptu",
        "outputId": "03bbcb10-c21e-42fd-fd3a-879cb470cbf7"
      },
      "execution_count": 12,
      "outputs": [
        {
          "output_type": "display_data",
          "data": {
            "text/html": [
              "<html>\n",
              "<head><meta charset=\"utf-8\" /></head>\n",
              "<body>\n",
              "    <div>            <script src=\"https://cdnjs.cloudflare.com/ajax/libs/mathjax/2.7.5/MathJax.js?config=TeX-AMS-MML_SVG\"></script><script type=\"text/javascript\">if (window.MathJax) {MathJax.Hub.Config({SVG: {font: \"STIX-Web\"}});}</script>                <script type=\"text/javascript\">window.PlotlyConfig = {MathJaxConfig: 'local'};</script>\n",
              "        <script src=\"https://cdn.plot.ly/plotly-2.8.3.min.js\"></script>                <div id=\"74f4b803-6399-4b15-8325-98b5a128a45e\" class=\"plotly-graph-div\" style=\"height:800px; width:1000px;\"></div>            <script type=\"text/javascript\">                                    window.PLOTLYENV=window.PLOTLYENV || {};                                    if (document.getElementById(\"74f4b803-6399-4b15-8325-98b5a128a45e\")) {                    Plotly.newPlot(                        \"74f4b803-6399-4b15-8325-98b5a128a45e\",                        [{\"coloraxis\":\"coloraxis\",\"name\":\"0\",\"texttemplate\":\"%{z:.2f}\",\"x\":[\"CURRENCY\",\"RATE\",\"DISBURSEMENT\",\"OUTSTANDING\",\"OVERDUEDAYS\",\"rcvLoansCount\",\"banks_rcvloans\",\"uco_rcvloans\",\"nonOverdue_loans_prop\",\"liabs_and_principal_prop\",\"CurrentLoansCount\",\"maxLoan\",\"currentPMT\",\"total_repaid_amount\",\"totOverdue\",\"totLiab\",\"SwitchClassQ\"],\"y\":[\"CURRENCY\",\"RATE\",\"DISBURSEMENT\",\"OUTSTANDING\",\"OVERDUEDAYS\",\"rcvLoansCount\",\"banks_rcvloans\",\"uco_rcvloans\",\"nonOverdue_loans_prop\",\"liabs_and_principal_prop\",\"CurrentLoansCount\",\"maxLoan\",\"currentPMT\",\"total_repaid_amount\",\"totOverdue\",\"totLiab\",\"SwitchClassQ\"],\"z\":[[1.0,-0.45866441102028715,0.4153589994130775,0.41632984998291267,0.379929044890817,-0.001191230975110693,0.034226869021457586,-0.08837624293816516,0.03127808784520048,0.057506064882507445,0.05867726539695547,-0.05391438995050738,0.01580492291782771,-0.03884346873863988,0.07849990422842348,-0.01829680761437942,0.06096575083314238],[-0.45866441102028715,1.0,-0.315693530334992,-0.20726572698565485,-0.12555287989205857,0.02758296742484975,-0.03445673366308889,0.10975011786059068,0.02241292726245159,-0.08665029233338833,-0.026353553045917803,-0.007294461199857304,-0.03520272097772919,-0.002039666868241621,0.036766541882496215,-0.013265562049590259,0.11371962049895785],[0.4153589994130775,-0.315693530334992,1.0,0.8979818839824615,0.07480236576128399,0.022586013257219605,0.05641100078015937,0.04522936654877532,0.06946422217699172,0.008580986834780069,0.05957540547990283,0.23972789977365,0.27179028482643486,0.16962200337088107,0.07308003762352014,0.24770847506499927,-0.02446916744360626],[0.41632984998291267,-0.20726572698565485,0.8979818839824615,1.0,0.13480469562176578,0.07700935278880224,0.08097411223863892,0.05310574475173945,0.1203446543131164,-0.024059161971390946,0.07080411301577984,0.2189866602991203,0.24757933869107113,0.1420764038229572,0.09210895009114861,0.21120255379394648,0.040691178244082436],[0.379929044890817,-0.12555287989205857,0.07480236576128399,0.13480469562176578,1.0,-0.0653013782187536,-0.045670297692443594,-0.0666827849491527,-0.05443468876354686,0.1291849872847023,-0.04920623918710506,-0.03992403064321783,-0.030706926210321606,-0.04493117883729304,-0.030025998964755968,-0.027352851290452836,0.015815849282719684],[-0.001191230975110693,0.02758296742484975,0.022586013257219605,0.07700935278880224,-0.0653013782187536,1.0,0.8620670927090028,0.47079799277477785,0.4803875962257596,-0.3525850636606049,0.7253967291191922,0.18314484179348814,0.32333200176191806,0.46020492090659104,0.019728293180475313,0.2436066293704907,0.185438194033082],[0.034226869021457586,-0.03445673366308889,0.05641100078015937,0.08097411223863892,-0.045670297692443594,0.8620670927090028,1.0,0.28518901673604147,0.4454020548108366,-0.3244415927751339,0.641169011584599,0.2605451512961983,0.3293267622112229,0.528607491940774,0.01457692030068378,0.31464571815986286,0.1304415533623037],[-0.08837624293816516,0.10975011786059068,0.04522936654877532,0.05310574475173945,-0.0666827849491527,0.47079799277477785,0.28518901673604147,1.0,0.31525671846730674,-0.16771568542700446,0.41687999148317856,0.5332872430030349,0.512899231662415,0.6432543833348586,0.0067811613703762826,0.6654205872903723,0.09763643294028211],[0.03127808784520048,0.02241292726245159,0.06946422217699172,0.1203446543131164,-0.05443468876354686,0.4803875962257596,0.4454020548108366,0.31525671846730674,1.0,-0.7195045437049314,0.029103282160757263,0.20635898866425242,0.16028610607024524,0.35322243140697007,-0.0055271646072069,0.17229016368907366,0.17436251942690464],[0.057506064882507445,-0.08665029233338833,0.008580986834780069,-0.024059161971390946,0.1291849872847023,-0.3525850636606049,-0.3244415927751339,-0.16771568542700446,-0.7195045437049314,1.0,-0.018158587876740673,-0.056081178001349104,-0.03888517330113731,-0.27604037143249677,0.016490277891834673,0.04062102324961871,-0.18539672112886577],[0.05867726539695547,-0.026353553045917803,0.05957540547990283,0.07080411301577984,-0.04920623918710506,0.7253967291191922,0.641169011584599,0.41687999148317856,0.029103282160757263,-0.018158587876740673,1.0,0.1662592347313566,0.40439589494886213,0.3366693983531536,0.07925198232045634,0.30234466744513167,0.10167068171513316],[-0.05391438995050738,-0.007294461199857304,0.23972789977365,0.2189866602991203,-0.03992403064321783,0.18314484179348814,0.2605451512961983,0.5332872430030349,0.20635898866425242,-0.056081178001349104,0.1662592347313566,1.0,0.7826877342259178,0.831141462586053,-0.01168319754344856,0.9105328355968009,-0.020593059607035853],[0.01580492291782771,-0.03520272097772919,0.27179028482643486,0.24757933869107113,-0.030706926210321606,0.32333200176191806,0.3293267622112229,0.512899231662415,0.16028610607024524,-0.03888517330113731,0.40439589494886213,0.7826877342259178,1.0,0.7866539510189654,0.037659481673305815,0.8234264391767955,0.006875024106382766],[-0.03884346873863988,-0.002039666868241621,0.16962200337088107,0.1420764038229572,-0.04493117883729304,0.46020492090659104,0.528607491940774,0.6432543833348586,0.35322243140697007,-0.27604037143249677,0.3366693983531536,0.831141462586053,0.7866539510189654,1.0,-0.004989521605296088,0.8217102603876251,0.032455206276968275],[0.07849990422842348,0.036766541882496215,0.07308003762352014,0.09210895009114861,-0.030025998964755968,0.019728293180475313,0.01457692030068378,0.0067811613703762826,-0.0055271646072069,0.016490277891834673,0.07925198232045634,-0.01168319754344856,0.037659481673305815,-0.004989521605296088,1.0,0.02233606009795366,0.06854017431112237],[-0.01829680761437942,-0.013265562049590259,0.24770847506499927,0.21120255379394648,-0.027352851290452836,0.2436066293704907,0.31464571815986286,0.6654205872903723,0.17229016368907366,0.04062102324961871,0.30234466744513167,0.9105328355968009,0.8234264391767955,0.8217102603876251,0.02233606009795366,1.0,-0.030488173853430472],[0.06096575083314238,0.11371962049895785,-0.02446916744360626,0.040691178244082436,0.015815849282719684,0.185438194033082,0.1304415533623037,0.09763643294028211,0.17436251942690464,-0.18539672112886577,0.10167068171513316,-0.020593059607035853,0.006875024106382766,0.032455206276968275,0.06854017431112237,-0.030488173853430472,1.0]],\"type\":\"heatmap\",\"xaxis\":\"x\",\"yaxis\":\"y\",\"hovertemplate\":\"x: %{x}<br>y: %{y}<br>color: %{z}<extra></extra>\"}],                        {\"template\":{\"data\":{\"bar\":[{\"error_x\":{\"color\":\"#2a3f5f\"},\"error_y\":{\"color\":\"#2a3f5f\"},\"marker\":{\"line\":{\"color\":\"#E5ECF6\",\"width\":0.5},\"pattern\":{\"fillmode\":\"overlay\",\"size\":10,\"solidity\":0.2}},\"type\":\"bar\"}],\"barpolar\":[{\"marker\":{\"line\":{\"color\":\"#E5ECF6\",\"width\":0.5},\"pattern\":{\"fillmode\":\"overlay\",\"size\":10,\"solidity\":0.2}},\"type\":\"barpolar\"}],\"carpet\":[{\"aaxis\":{\"endlinecolor\":\"#2a3f5f\",\"gridcolor\":\"white\",\"linecolor\":\"white\",\"minorgridcolor\":\"white\",\"startlinecolor\":\"#2a3f5f\"},\"baxis\":{\"endlinecolor\":\"#2a3f5f\",\"gridcolor\":\"white\",\"linecolor\":\"white\",\"minorgridcolor\":\"white\",\"startlinecolor\":\"#2a3f5f\"},\"type\":\"carpet\"}],\"choropleth\":[{\"colorbar\":{\"outlinewidth\":0,\"ticks\":\"\"},\"type\":\"choropleth\"}],\"contour\":[{\"colorbar\":{\"outlinewidth\":0,\"ticks\":\"\"},\"colorscale\":[[0.0,\"#0d0887\"],[0.1111111111111111,\"#46039f\"],[0.2222222222222222,\"#7201a8\"],[0.3333333333333333,\"#9c179e\"],[0.4444444444444444,\"#bd3786\"],[0.5555555555555556,\"#d8576b\"],[0.6666666666666666,\"#ed7953\"],[0.7777777777777778,\"#fb9f3a\"],[0.8888888888888888,\"#fdca26\"],[1.0,\"#f0f921\"]],\"type\":\"contour\"}],\"contourcarpet\":[{\"colorbar\":{\"outlinewidth\":0,\"ticks\":\"\"},\"type\":\"contourcarpet\"}],\"heatmap\":[{\"colorbar\":{\"outlinewidth\":0,\"ticks\":\"\"},\"colorscale\":[[0.0,\"#0d0887\"],[0.1111111111111111,\"#46039f\"],[0.2222222222222222,\"#7201a8\"],[0.3333333333333333,\"#9c179e\"],[0.4444444444444444,\"#bd3786\"],[0.5555555555555556,\"#d8576b\"],[0.6666666666666666,\"#ed7953\"],[0.7777777777777778,\"#fb9f3a\"],[0.8888888888888888,\"#fdca26\"],[1.0,\"#f0f921\"]],\"type\":\"heatmap\"}],\"heatmapgl\":[{\"colorbar\":{\"outlinewidth\":0,\"ticks\":\"\"},\"colorscale\":[[0.0,\"#0d0887\"],[0.1111111111111111,\"#46039f\"],[0.2222222222222222,\"#7201a8\"],[0.3333333333333333,\"#9c179e\"],[0.4444444444444444,\"#bd3786\"],[0.5555555555555556,\"#d8576b\"],[0.6666666666666666,\"#ed7953\"],[0.7777777777777778,\"#fb9f3a\"],[0.8888888888888888,\"#fdca26\"],[1.0,\"#f0f921\"]],\"type\":\"heatmapgl\"}],\"histogram\":[{\"marker\":{\"pattern\":{\"fillmode\":\"overlay\",\"size\":10,\"solidity\":0.2}},\"type\":\"histogram\"}],\"histogram2d\":[{\"colorbar\":{\"outlinewidth\":0,\"ticks\":\"\"},\"colorscale\":[[0.0,\"#0d0887\"],[0.1111111111111111,\"#46039f\"],[0.2222222222222222,\"#7201a8\"],[0.3333333333333333,\"#9c179e\"],[0.4444444444444444,\"#bd3786\"],[0.5555555555555556,\"#d8576b\"],[0.6666666666666666,\"#ed7953\"],[0.7777777777777778,\"#fb9f3a\"],[0.8888888888888888,\"#fdca26\"],[1.0,\"#f0f921\"]],\"type\":\"histogram2d\"}],\"histogram2dcontour\":[{\"colorbar\":{\"outlinewidth\":0,\"ticks\":\"\"},\"colorscale\":[[0.0,\"#0d0887\"],[0.1111111111111111,\"#46039f\"],[0.2222222222222222,\"#7201a8\"],[0.3333333333333333,\"#9c179e\"],[0.4444444444444444,\"#bd3786\"],[0.5555555555555556,\"#d8576b\"],[0.6666666666666666,\"#ed7953\"],[0.7777777777777778,\"#fb9f3a\"],[0.8888888888888888,\"#fdca26\"],[1.0,\"#f0f921\"]],\"type\":\"histogram2dcontour\"}],\"mesh3d\":[{\"colorbar\":{\"outlinewidth\":0,\"ticks\":\"\"},\"type\":\"mesh3d\"}],\"parcoords\":[{\"line\":{\"colorbar\":{\"outlinewidth\":0,\"ticks\":\"\"}},\"type\":\"parcoords\"}],\"pie\":[{\"automargin\":true,\"type\":\"pie\"}],\"scatter\":[{\"marker\":{\"colorbar\":{\"outlinewidth\":0,\"ticks\":\"\"}},\"type\":\"scatter\"}],\"scatter3d\":[{\"line\":{\"colorbar\":{\"outlinewidth\":0,\"ticks\":\"\"}},\"marker\":{\"colorbar\":{\"outlinewidth\":0,\"ticks\":\"\"}},\"type\":\"scatter3d\"}],\"scattercarpet\":[{\"marker\":{\"colorbar\":{\"outlinewidth\":0,\"ticks\":\"\"}},\"type\":\"scattercarpet\"}],\"scattergeo\":[{\"marker\":{\"colorbar\":{\"outlinewidth\":0,\"ticks\":\"\"}},\"type\":\"scattergeo\"}],\"scattergl\":[{\"marker\":{\"colorbar\":{\"outlinewidth\":0,\"ticks\":\"\"}},\"type\":\"scattergl\"}],\"scattermapbox\":[{\"marker\":{\"colorbar\":{\"outlinewidth\":0,\"ticks\":\"\"}},\"type\":\"scattermapbox\"}],\"scatterpolar\":[{\"marker\":{\"colorbar\":{\"outlinewidth\":0,\"ticks\":\"\"}},\"type\":\"scatterpolar\"}],\"scatterpolargl\":[{\"marker\":{\"colorbar\":{\"outlinewidth\":0,\"ticks\":\"\"}},\"type\":\"scatterpolargl\"}],\"scatterternary\":[{\"marker\":{\"colorbar\":{\"outlinewidth\":0,\"ticks\":\"\"}},\"type\":\"scatterternary\"}],\"surface\":[{\"colorbar\":{\"outlinewidth\":0,\"ticks\":\"\"},\"colorscale\":[[0.0,\"#0d0887\"],[0.1111111111111111,\"#46039f\"],[0.2222222222222222,\"#7201a8\"],[0.3333333333333333,\"#9c179e\"],[0.4444444444444444,\"#bd3786\"],[0.5555555555555556,\"#d8576b\"],[0.6666666666666666,\"#ed7953\"],[0.7777777777777778,\"#fb9f3a\"],[0.8888888888888888,\"#fdca26\"],[1.0,\"#f0f921\"]],\"type\":\"surface\"}],\"table\":[{\"cells\":{\"fill\":{\"color\":\"#EBF0F8\"},\"line\":{\"color\":\"white\"}},\"header\":{\"fill\":{\"color\":\"#C8D4E3\"},\"line\":{\"color\":\"white\"}},\"type\":\"table\"}]},\"layout\":{\"annotationdefaults\":{\"arrowcolor\":\"#2a3f5f\",\"arrowhead\":0,\"arrowwidth\":1},\"autotypenumbers\":\"strict\",\"coloraxis\":{\"colorbar\":{\"outlinewidth\":0,\"ticks\":\"\"}},\"colorscale\":{\"diverging\":[[0,\"#8e0152\"],[0.1,\"#c51b7d\"],[0.2,\"#de77ae\"],[0.3,\"#f1b6da\"],[0.4,\"#fde0ef\"],[0.5,\"#f7f7f7\"],[0.6,\"#e6f5d0\"],[0.7,\"#b8e186\"],[0.8,\"#7fbc41\"],[0.9,\"#4d9221\"],[1,\"#276419\"]],\"sequential\":[[0.0,\"#0d0887\"],[0.1111111111111111,\"#46039f\"],[0.2222222222222222,\"#7201a8\"],[0.3333333333333333,\"#9c179e\"],[0.4444444444444444,\"#bd3786\"],[0.5555555555555556,\"#d8576b\"],[0.6666666666666666,\"#ed7953\"],[0.7777777777777778,\"#fb9f3a\"],[0.8888888888888888,\"#fdca26\"],[1.0,\"#f0f921\"]],\"sequentialminus\":[[0.0,\"#0d0887\"],[0.1111111111111111,\"#46039f\"],[0.2222222222222222,\"#7201a8\"],[0.3333333333333333,\"#9c179e\"],[0.4444444444444444,\"#bd3786\"],[0.5555555555555556,\"#d8576b\"],[0.6666666666666666,\"#ed7953\"],[0.7777777777777778,\"#fb9f3a\"],[0.8888888888888888,\"#fdca26\"],[1.0,\"#f0f921\"]]},\"colorway\":[\"#636efa\",\"#EF553B\",\"#00cc96\",\"#ab63fa\",\"#FFA15A\",\"#19d3f3\",\"#FF6692\",\"#B6E880\",\"#FF97FF\",\"#FECB52\"],\"font\":{\"color\":\"#2a3f5f\"},\"geo\":{\"bgcolor\":\"white\",\"lakecolor\":\"white\",\"landcolor\":\"#E5ECF6\",\"showlakes\":true,\"showland\":true,\"subunitcolor\":\"white\"},\"hoverlabel\":{\"align\":\"left\"},\"hovermode\":\"closest\",\"mapbox\":{\"style\":\"light\"},\"paper_bgcolor\":\"white\",\"plot_bgcolor\":\"#E5ECF6\",\"polar\":{\"angularaxis\":{\"gridcolor\":\"white\",\"linecolor\":\"white\",\"ticks\":\"\"},\"bgcolor\":\"#E5ECF6\",\"radialaxis\":{\"gridcolor\":\"white\",\"linecolor\":\"white\",\"ticks\":\"\"}},\"scene\":{\"xaxis\":{\"backgroundcolor\":\"#E5ECF6\",\"gridcolor\":\"white\",\"gridwidth\":2,\"linecolor\":\"white\",\"showbackground\":true,\"ticks\":\"\",\"zerolinecolor\":\"white\"},\"yaxis\":{\"backgroundcolor\":\"#E5ECF6\",\"gridcolor\":\"white\",\"gridwidth\":2,\"linecolor\":\"white\",\"showbackground\":true,\"ticks\":\"\",\"zerolinecolor\":\"white\"},\"zaxis\":{\"backgroundcolor\":\"#E5ECF6\",\"gridcolor\":\"white\",\"gridwidth\":2,\"linecolor\":\"white\",\"showbackground\":true,\"ticks\":\"\",\"zerolinecolor\":\"white\"}},\"shapedefaults\":{\"line\":{\"color\":\"#2a3f5f\"}},\"ternary\":{\"aaxis\":{\"gridcolor\":\"white\",\"linecolor\":\"white\",\"ticks\":\"\"},\"baxis\":{\"gridcolor\":\"white\",\"linecolor\":\"white\",\"ticks\":\"\"},\"bgcolor\":\"#E5ECF6\",\"caxis\":{\"gridcolor\":\"white\",\"linecolor\":\"white\",\"ticks\":\"\"}},\"title\":{\"x\":0.05},\"xaxis\":{\"automargin\":true,\"gridcolor\":\"white\",\"linecolor\":\"white\",\"ticks\":\"\",\"title\":{\"standoff\":15},\"zerolinecolor\":\"white\",\"zerolinewidth\":2},\"yaxis\":{\"automargin\":true,\"gridcolor\":\"white\",\"linecolor\":\"white\",\"ticks\":\"\",\"title\":{\"standoff\":15},\"zerolinecolor\":\"white\",\"zerolinewidth\":2}}},\"xaxis\":{\"anchor\":\"y\",\"domain\":[0.0,1.0],\"scaleanchor\":\"y\",\"constrain\":\"domain\"},\"yaxis\":{\"anchor\":\"x\",\"domain\":[0.0,1.0],\"autorange\":\"reversed\",\"constrain\":\"domain\"},\"coloraxis\":{\"colorscale\":[[0.0,\"#0d0887\"],[0.1111111111111111,\"#46039f\"],[0.2222222222222222,\"#7201a8\"],[0.3333333333333333,\"#9c179e\"],[0.4444444444444444,\"#bd3786\"],[0.5555555555555556,\"#d8576b\"],[0.6666666666666666,\"#ed7953\"],[0.7777777777777778,\"#fb9f3a\"],[0.8888888888888888,\"#fdca26\"],[1.0,\"#f0f921\"]]},\"margin\":{\"t\":60},\"height\":800,\"width\":1000},                        {\"responsive\": true}                    ).then(function(){\n",
              "                            \n",
              "var gd = document.getElementById('74f4b803-6399-4b15-8325-98b5a128a45e');\n",
              "var x = new MutationObserver(function (mutations, observer) {{\n",
              "        var display = window.getComputedStyle(gd).display;\n",
              "        if (!display || display === 'none') {{\n",
              "            console.log([gd, 'removed!']);\n",
              "            Plotly.purge(gd);\n",
              "            observer.disconnect();\n",
              "        }}\n",
              "}});\n",
              "\n",
              "// Listen for the removal of the full notebook cells\n",
              "var notebookContainer = gd.closest('#notebook-container');\n",
              "if (notebookContainer) {{\n",
              "    x.observe(notebookContainer, {childList: true});\n",
              "}}\n",
              "\n",
              "// Listen for the clearing of the current output cell\n",
              "var outputEl = gd.closest('.output');\n",
              "if (outputEl) {{\n",
              "    x.observe(outputEl, {childList: true});\n",
              "}}\n",
              "\n",
              "                        })                };                            </script>        </div>\n",
              "</body>\n",
              "</html>"
            ]
          },
          "metadata": {}
        }
      ]
    },
    {
      "cell_type": "code",
      "source": [
        ""
      ],
      "metadata": {
        "id": "n6nYrc0FIvIN"
      },
      "execution_count": 12,
      "outputs": []
    },
    {
      "cell_type": "markdown",
      "source": [
        "#### **0.7-ից բարձր correlation ունեցող փոփոխականներն են**՝\n",
        "\n",
        "1. maxLoan/totLiab - 0.91,\n",
        "2. OUTSTANDING/DISBURSEMENT - 0.9,\n",
        "3. banks_rcvloans/rcvLoansCount - 0.86\n",
        "4. total_repaid_amount/maxLoan - 0.83,\n",
        "5. total_repaid_amount/totLiab - 0.82,\n",
        "6. currentPMT/totLiab - 0.82,\n",
        "7. currentPMT/total_repaid_amount - 0.79,\n",
        "8. currentPMT/maxLoan - 0.78\n",
        "\n",
        "Հաջորդիվ կջնջեմ այն փոփոխականները, որոնք անհրաժեշտ չեն Exploratory Data Analysis-ի համար։"
      ],
      "metadata": {
        "id": "AZibltOLIzLb"
      }
    },
    {
      "cell_type": "code",
      "source": [
        "df.drop(['nonOverdue_loans_prop', 'liabs_and_principal_prop', 'totOverdue', 'SwitchClassQ'], axis=1, inplace=True)"
      ],
      "metadata": {
        "id": "3nVN2urKJKja"
      },
      "execution_count": 13,
      "outputs": []
    },
    {
      "cell_type": "markdown",
      "source": [
        "# **Task 2: Exploratory Data Analysis**"
      ],
      "metadata": {
        "id": "LuayTPK8JQy4"
      }
    },
    {
      "cell_type": "code",
      "source": [
        "# PAR1 սյունակում այն անձինք, ովքեր ունեն 1 օրից ավել overduedays՝ կստանան 1 արժեքը, ովքեր չունեն overduedays՝ կստանան 0\n",
        "conditions = [df['OVERDUEDAYS'] > 1, df['OVERDUEDAYS'] <= 1]\n",
        "outputs = [1, 0]\n",
        "\n",
        "new_col = np.select(conditions, outputs, 'Other')\n",
        "\n",
        "df['PAR1'] = new_col"
      ],
      "metadata": {
        "id": "rt-mYNQRJOm-"
      },
      "execution_count": 14,
      "outputs": []
    },
    {
      "cell_type": "code",
      "source": [
        "df['PAR1'] = df['PAR1'].astype('int')\n",
        "df['PAR1'].value_counts()"
      ],
      "metadata": {
        "colab": {
          "base_uri": "https://localhost:8080/"
        },
        "id": "rcJ4oAdqJiJd",
        "outputId": "dbe982c5-2af7-4df5-dbca-af7cd1b02f41"
      },
      "execution_count": 15,
      "outputs": [
        {
          "output_type": "execute_result",
          "data": {
            "text/plain": [
              "0    122\n",
              "1     76\n",
              "Name: PAR1, dtype: int64"
            ]
          },
          "metadata": {},
          "execution_count": 15
        }
      ]
    },
    {
      "cell_type": "markdown",
      "source": [
        "Ընդհանուր 198 թվով տվյալների մեջ 76-ը ունեն ժամկետանց վարկեր, իսկ 122-ը՝ վճարել են ժամանակին։"
      ],
      "metadata": {
        "id": "BU7FDkNnJpw1"
      }
    },
    {
