{
 "cells": [
  {
   "cell_type": "code",
   "execution_count": 284,
   "id": "5645f54b",
   "metadata": {},
   "outputs": [],
   "source": [
    "import pandas as pd\n",
    "import numpy as np\n",
    "\n",
    "import matplotlib.pyplot as plt\n",
    "import seaborn as sns\n",
    "import plotly.express as px\n",
    "\n",
    "%matplotlib inline\n",
    "\n",
    "from sklearn import preprocessing, svm\n",
    "from sklearn.model_selection import train_test_split\n",
    "from sklearn.linear_model import LinearRegression\n",
    "from sklearn.linear_model import LogisticRegression\n",
    "from sklearn.linear_model import SGDClassifier\n",
    "from sklearn.metrics import confusion_matrix\n",
    "from sklearn.metrics import classification_report\n",
    "from sklearn.metrics import accuracy_score\n",
    "from sklearn.utils import resample\n",
    "import statsmodels.api as sm\n",
    "\n",
    "import warnings\n",
    "warnings.filterwarnings('ignore')\n",
    "pd.options.mode.chained_assignment = None"
   ]
  },
  {
   "cell_type": "markdown",
   "id": "7781a3b7",
   "metadata": {},
   "source": [
    "# Task 1: Data Cleaning"
   ]
  },
  {
   "cell_type": "code",
   "execution_count": 285,
   "id": "80023164",
   "metadata": {},
   "outputs": [
    {
     "data": {
      "text/html": [
       "<div>\n",
       "<style scoped>\n",
       "    .dataframe tbody tr th:only-of-type {\n",
       "        vertical-align: middle;\n",
       "    }\n",
       "\n",
       "    .dataframe tbody tr th {\n",
       "        vertical-align: top;\n",
       "    }\n",
       "\n",
       "    .dataframe thead th {\n",
       "        text-align: right;\n",
       "    }\n",
       "</style>\n",
       "<table border=\"1\" class=\"dataframe\">\n",
       "  <thead>\n",
       "    <tr style=\"text-align: right;\">\n",
       "      <th></th>\n",
       "      <th>SEX</th>\n",
       "      <th>OPENDATE</th>\n",
       "      <th>CURRENCY</th>\n",
       "      <th>RATE</th>\n",
       "      <th>DISBURSEMENT</th>\n",
       "      <th>OUTSTANDING</th>\n",
       "      <th>OVERDUEDAYS</th>\n",
       "      <th>rcvLoansCount</th>\n",
       "      <th>banks_rcvloans</th>\n",
       "      <th>uco_rcvloans</th>\n",
       "      <th>nonOverdue_loans_prop</th>\n",
       "      <th>liabs_and_principal_prop</th>\n",
       "      <th>CurrentLoansCount</th>\n",
       "      <th>maxLoan</th>\n",
       "      <th>currentPMT</th>\n",
       "      <th>total_repaid_amount</th>\n",
       "      <th>totOverdue</th>\n",
       "      <th>totLiab</th>\n",
       "      <th>SwitchClassQ</th>\n",
       "    </tr>\n",
       "  </thead>\n",
       "  <tbody>\n",
       "    <tr>\n",
       "      <th>0</th>\n",
       "      <td>F</td>\n",
       "      <td>11/06/21</td>\n",
       "      <td>0.0</td>\n",
       "      <td>36</td>\n",
       "      <td>100000.0</td>\n",
       "      <td>NaN</td>\n",
       "      <td>0</td>\n",
       "      <td>15</td>\n",
       "      <td>2</td>\n",
       "      <td>13</td>\n",
       "      <td>0.933333333</td>\n",
       "      <td>0.106903242</td>\n",
       "      <td>1</td>\n",
       "      <td>1156000</td>\n",
       "      <td>10725.0</td>\n",
       "      <td>NaN</td>\n",
       "      <td>0</td>\n",
       "      <td>374475.0</td>\n",
       "      <td>12</td>\n",
       "    </tr>\n",
       "    <tr>\n",
       "      <th>1</th>\n",
       "      <td>M</td>\n",
       "      <td>18/12/18</td>\n",
       "      <td>0.0</td>\n",
       "      <td>15</td>\n",
       "      <td>1000000.0</td>\n",
       "      <td>972360.8</td>\n",
       "      <td>0</td>\n",
       "      <td>15</td>\n",
       "      <td>14b</td>\n",
       "      <td>1</td>\n",
       "      <td>0.8</td>\n",
       "      <td>0.389265297</td>\n",
       "      <td>3</td>\n",
       "      <td>1000000</td>\n",
       "      <td>57243.0</td>\n",
       "      <td>3170071.0</td>\n",
       "      <td>0</td>\n",
       "      <td>2020515.0</td>\n",
       "      <td>0</td>\n",
       "    </tr>\n",
       "    <tr>\n",
       "      <th>2</th>\n",
       "      <td>F</td>\n",
       "      <td>18/11/19</td>\n",
       "      <td>NaN</td>\n",
       "      <td>19.9</td>\n",
       "      <td>425000.0</td>\n",
       "      <td>62552.1</td>\n",
       "      <td>0</td>\n",
       "      <td>-12</td>\n",
       "      <td>5</td>\n",
       "      <td>7</td>\n",
       "      <td>0.416666667</td>\n",
       "      <td>0.324696562</td>\n",
       "      <td>7</td>\n",
       "      <td>1002000</td>\n",
       "      <td>75735.0</td>\n",
       "      <td>3665412.0</td>\n",
       "      <td>0</td>\n",
       "      <td>1762388.0</td>\n",
       "      <td>0</td>\n",
       "    </tr>\n",
       "  </tbody>\n",
       "</table>\n",
       "</div>"
      ],
      "text/plain": [
       "  SEX  OPENDATE  CURRENCY  RATE  DISBURSEMENT  OUTSTANDING  OVERDUEDAYS  \\\n",
       "0   F  11/06/21       0.0    36      100000.0          NaN            0   \n",
       "1   M  18/12/18       0.0    15     1000000.0     972360.8            0   \n",
       "2   F  18/11/19       NaN  19.9      425000.0      62552.1            0   \n",
       "\n",
       "   rcvLoansCount banks_rcvloans  uco_rcvloans nonOverdue_loans_prop  \\\n",
       "0             15              2            13           0.933333333   \n",
       "1             15            14b             1                   0.8   \n",
       "2            -12              5             7           0.416666667   \n",
       "\n",
       "  liabs_and_principal_prop  CurrentLoansCount  maxLoan  currentPMT  \\\n",
       "0              0.106903242                  1  1156000     10725.0   \n",
       "1              0.389265297                  3  1000000     57243.0   \n",
       "2              0.324696562                  7  1002000     75735.0   \n",
       "\n",
       "   total_repaid_amount  totOverdue    totLiab  SwitchClassQ  \n",
       "0                  NaN           0   374475.0            12  \n",
       "1            3170071.0           0  2020515.0             0  \n",
       "2            3665412.0           0  1762388.0             0  "
      ]
     },
     "execution_count": 285,
     "metadata": {},
     "output_type": "execute_result"
    }
   ],
   "source": [
    "df = pd.read_csv('loans.csv')\n",
    "df.head(3)"
   ]
  },
  {
   "cell_type": "code",
   "execution_count": 286,
   "id": "bd3b749e",
   "metadata": {},
   "outputs": [
    {
     "name": "stdout",
     "output_type": "stream",
     "text": [
      "<class 'pandas.core.frame.DataFrame'>\n",
      "RangeIndex: 203 entries, 0 to 202\n",
      "Data columns (total 19 columns):\n",
      " #   Column                    Non-Null Count  Dtype  \n",
      "---  ------                    --------------  -----  \n",
      " 0   SEX                       203 non-null    object \n",
      " 1   OPENDATE                  203 non-null    object \n",
      " 2   CURRENCY                  198 non-null    float64\n",
      " 3   RATE                      203 non-null    object \n",
      " 4   DISBURSEMENT              200 non-null    float64\n",
      " 5   OUTSTANDING               201 non-null    float64\n",
      " 6   OVERDUEDAYS               203 non-null    int64  \n",
      " 7   rcvLoansCount             203 non-null    int64  \n",
      " 8   banks_rcvloans            203 non-null    object \n",
      " 9   uco_rcvloans              203 non-null    int64  \n",
      " 10  nonOverdue_loans_prop     202 non-null    object \n",
      " 11  liabs_and_principal_prop  203 non-null    object \n",
      " 12  CurrentLoansCount         203 non-null    int64  \n",
      " 13  maxLoan                   203 non-null    int64  \n",
      " 14  currentPMT                202 non-null    float64\n",
      " 15  total_repaid_amount       201 non-null    float64\n",
      " 16  totOverdue                203 non-null    int64  \n",
      " 17  totLiab                   202 non-null    float64\n",
      " 18  SwitchClassQ              203 non-null    int64  \n",
      "dtypes: float64(6), int64(7), object(6)\n",
      "memory usage: 30.3+ KB\n"
     ]
    }
   ],
   "source": [
    "df.info()"
   ]
  },
  {
   "cell_type": "markdown",
   "id": "d59492c2",
   "metadata": {},
   "source": [
    "Քանի որ 'nonOverdue_loans_prop' սյունակի արժեքները թվային են, ես որոշեցի 'object' type-ից այն դարձնել 'float64'. Սակայն ստացա ValueError. Պատճառը այս արժեքն էր - '0?2a' 16 ինդեքսով (նայիր ներքևում)."
   ]
  },
  {
   "cell_type": "code",
   "execution_count": 287,
   "id": "6d087852",
   "metadata": {
    "scrolled": true
   },
   "outputs": [
    {
     "data": {
      "text/html": [
       "<div>\n",
       "<style scoped>\n",
       "    .dataframe tbody tr th:only-of-type {\n",
       "        vertical-align: middle;\n",
       "    }\n",
       "\n",
       "    .dataframe tbody tr th {\n",
       "        vertical-align: top;\n",
       "    }\n",
       "\n",
       "    .dataframe thead th {\n",
       "        text-align: right;\n",
       "    }\n",
       "</style>\n",
       "<table border=\"1\" class=\"dataframe\">\n",
       "  <thead>\n",
       "    <tr style=\"text-align: right;\">\n",
       "      <th></th>\n",
       "      <th>SEX</th>\n",
       "      <th>OPENDATE</th>\n",
       "      <th>CURRENCY</th>\n",
       "      <th>RATE</th>\n",
       "      <th>DISBURSEMENT</th>\n",
       "      <th>OUTSTANDING</th>\n",
       "      <th>OVERDUEDAYS</th>\n",
       "      <th>rcvLoansCount</th>\n",
       "      <th>banks_rcvloans</th>\n",
       "      <th>uco_rcvloans</th>\n",
       "      <th>nonOverdue_loans_prop</th>\n",
       "      <th>liabs_and_principal_prop</th>\n",
       "      <th>CurrentLoansCount</th>\n",
       "      <th>maxLoan</th>\n",
       "      <th>currentPMT</th>\n",
       "      <th>total_repaid_amount</th>\n",
       "      <th>totOverdue</th>\n",
       "      <th>totLiab</th>\n",
       "      <th>SwitchClassQ</th>\n",
       "    </tr>\n",
       "  </thead>\n",
       "  <tbody>\n",
       "    <tr>\n",
       "      <th>16</th>\n",
       "      <td>F</td>\n",
       "      <td>20/11/19</td>\n",
       "      <td>0.0</td>\n",
       "      <td>19.9</td>\n",
       "      <td>393000.0</td>\n",
       "      <td>393000.0</td>\n",
       "      <td>0</td>\n",
       "      <td>14</td>\n",
       "      <td>6</td>\n",
       "      <td>8</td>\n",
       "      <td>0?2a</td>\n",
       "      <td>0.558674686</td>\n",
       "      <td>8</td>\n",
       "      <td>1485000</td>\n",
       "      <td>283972.0</td>\n",
       "      <td>4145810.0</td>\n",
       "      <td>0</td>\n",
       "      <td>5248190.0</td>\n",
       "      <td>0</td>\n",
       "    </tr>\n",
       "  </tbody>\n",
       "</table>\n",
       "</div>"
      ],
      "text/plain": [
       "   SEX  OPENDATE  CURRENCY  RATE  DISBURSEMENT  OUTSTANDING  OVERDUEDAYS  \\\n",
       "16   F  20/11/19       0.0  19.9      393000.0     393000.0            0   \n",
       "\n",
       "    rcvLoansCount banks_rcvloans  uco_rcvloans nonOverdue_loans_prop  \\\n",
       "16             14              6             8                  0?2a   \n",
       "\n",
       "   liabs_and_principal_prop  CurrentLoansCount  maxLoan  currentPMT  \\\n",
       "16              0.558674686                  8  1485000    283972.0   \n",
       "\n",
       "    total_repaid_amount  totOverdue    totLiab  SwitchClassQ  \n",
       "16            4145810.0           0  5248190.0             0  "
      ]
     },
     "execution_count": 287,
     "metadata": {},
     "output_type": "execute_result"
    }
   ],
   "source": [
    "df.loc[df['nonOverdue_loans_prop']=='0?2a']"
   ]
  },
  {
   "cell_type": "markdown",
   "id": "65a362a1",
   "metadata": {},
   "source": [
    "Ես փոխարինեցի '0?2a' արժեքը NaN արժեքով, այնուհետև կատարեցի 'object' - 'float64' փոփոխությունը։"
   ]
  },
  {
   "cell_type": "code",
   "execution_count": 288,
   "id": "36abe1cb",
   "metadata": {},
   "outputs": [],
   "source": [
    "df['nonOverdue_loans_prop'] = df['nonOverdue_loans_prop'].replace({'0?2a': np.nan})\n",
    "df['nonOverdue_loans_prop'] = df['nonOverdue_loans_prop'].astype('float64')"
   ]
  },
  {
   "cell_type": "code",
   "execution_count": 289,
   "id": "7c7edba8",
   "metadata": {},
   "outputs": [],
   "source": [
    "# df.isna().sum()"
   ]
  },
  {
   "cell_type": "markdown",
   "id": "7dc58389",
   "metadata": {},
   "source": [
    "#### Եզրակացություն՝\n",
    "Տվյալներում կան 15 բացակա արժեքներ՝\n",
    "\n",
    "● CURRENCY - 5 <br>\n",
    "● DISBURSEMENT - 3 <br>\n",
    "● OUTSTANDING - 2 <br>\n",
    "● nonOverdue_loans_prop - 1 <br>\n",
    "● currentPMT - 1 <br>\n",
    "● total_repaid_amount - 2 <br>\n",
    "● totLiab - 1"
   ]
  },
  {
   "cell_type": "code",
   "execution_count": 290,
   "id": "8f9cff1e",
   "metadata": {},
   "outputs": [],
   "source": [
    "# custom ֆունկցիա, որը բացակա արժեքները փոխարինում է տվյալ սյունակի միջին արժեքով\n",
    "def fill_missing_values(df):\n",
    "    df['DISBURSEMENT'].fillna(int(df['DISBURSEMENT'].mean()), inplace=True)\n",
    "    df['OUTSTANDING'].fillna(int(df['OUTSTANDING'].mean()), inplace=True)\n",
    "    df['nonOverdue_loans_prop'].fillna(int(df['nonOverdue_loans_prop'].mean()), inplace=True)\n",
    "    df['currentPMT'].fillna(int(df['currentPMT'].mean()), inplace=True)\n",
    "    df['total_repaid_amount'].fillna(int(df['total_repaid_amount'].mean()), inplace=True)\n",
    "    df['totLiab'].fillna(int(df['totLiab'].mean()), inplace=True)\n",
    "    \n",
    "    print('Done!')"
   ]
  },
  {
   "cell_type": "code",
   "execution_count": 291,
   "id": "514d83b8",
   "metadata": {},
   "outputs": [
    {
     "name": "stdout",
     "output_type": "stream",
     "text": [
      "Done!\n"
     ]
    }
   ],
   "source": [
    "fill_missing_values(df)"
   ]
  },
  {
   "cell_type": "markdown",
   "id": "4ba715cf",
   "metadata": {},
   "source": [
    "Որոշ սյունակներ ոչ ճշգրիտ/անհամապատասխան արժեքներ ունեն, հնարավորինս անվտանգ կերպով ուղղել եմ նմանատիպ արժեքները, առանց ինֆորմացիա կորցնելու՝"
   ]
  },
  {
   "cell_type": "code",
   "execution_count": 292,
   "id": "1b72dda0",
   "metadata": {},
   "outputs": [],
   "source": [
    "df['RATE'] = df['RATE'].replace({'24c': '24',\n",
    "                                '1999': '19.9'})\n",
    "\n",
    "df['DISBURSEMENT'] = df['DISBURSEMENT'].replace({-783000.: 783000., \n",
    "                                                 -500000.: 500000})\n",
    "\n",
    "df['rcvLoansCount'] = df['rcvLoansCount'].replace({-12: 12,\n",
    "                                                   106: 10,\n",
    "                                                  1999: 19})\n",
    "\n",
    "df['banks_rcvloans'] = df['banks_rcvloans'].replace({'1999': '19',\n",
    "                                                    '14b': '14'})\n",
    "\n",
    "df['uco_rcvloans'] = df['uco_rcvloans'].replace({1999: 19,\n",
    "                                                -3: 3})\n",
    "\n",
    "df['maxLoan'] = df['maxLoan'].replace({-1000000: 1000000,\n",
    "                                       -3000000: 3000000,\n",
    "                                       -1603860: 1603860})\n",
    "\n",
    "df['liabs_and_principal_prop'] = df['liabs_and_principal_prop'].replace({'0.187428195b': '0.187428195'})"
   ]
  },
  {
   "cell_type": "markdown",
   "id": "6d48581e",
   "metadata": {},
   "source": [
    "'CURRENCY' սյունակը պետք է պարունակի 0 և 1 արժեքները (AMD և USD). Քանի որ, չգիտեմ թե NaN արժեքի տակ ինչ փոխարժեք է, ստիպված եմ դրանք հեռացնել։"
   ]
  },
  {
   "cell_type": "code",
   "execution_count": 293,
   "id": "22a419a4",
   "metadata": {
    "scrolled": true
   },
   "outputs": [
    {
     "data": {
      "text/plain": [
       "array([ 0., nan,  1.])"
      ]
     },
     "execution_count": 293,
     "metadata": {},
     "output_type": "execute_result"
    }
   ],
   "source": [
    "df['CURRENCY'].unique()"
   ]
  },
  {
   "cell_type": "code",
   "execution_count": 294,
   "id": "8d2f7dd4",
   "metadata": {},
   "outputs": [],
   "source": [
    "#df.loc[(df['CURRENCY'] !=1) & (df['CURRENCY'] !=0)]\n",
    "\n",
    "df.drop([2, 14, 76, 89, 101], inplace=True)\n",
    "\n",
    "df['CURRENCY'] = df['CURRENCY'].astype('int')"
   ]
  },
  {
   "cell_type": "code",
   "execution_count": 295,
   "id": "545de857",
   "metadata": {},
   "outputs": [],
   "source": [
    "# ևս մի քանի փոփոխություն տվյալների ճշգրիտ տեսակների մեջ\n",
    "df['OPENDATE'] = pd.to_datetime(df['OPENDATE'])\n",
    "df['RATE'] = df['RATE'].astype('float')\n",
    "df['banks_rcvloans'] = df['banks_rcvloans'].astype('int')\n",
    "df['liabs_and_principal_prop'] = df['liabs_and_principal_prop'].astype('float')"
   ]
  },
  {
   "cell_type": "markdown",
   "id": "33c2e19c",
   "metadata": {},
   "source": [
    "### 1. Correlation between variables"
   ]
  },
  {
   "cell_type": "code",
   "execution_count": 296,
   "id": "f5df43f4",
   "metadata": {},
   "outputs": [
    {
     "data": {
      "application/vnd.plotly.v1+json": {
       "config": {
        "plotlyServerURL": "https://plot.ly"
       },
       "data": [
        {
         "coloraxis": "coloraxis",
         "hovertemplate": "x: %{x}<br>y: %{y}<br>color: %{z}<extra></extra>",
         "name": "0",
         "texttemplate": "%{z:.2f}",
         "type": "heatmap",
         "x": [
          "CURRENCY",
          "RATE",
          "DISBURSEMENT",
          "OUTSTANDING",
          "OVERDUEDAYS",
          "rcvLoansCount",
          "banks_rcvloans",
          "uco_rcvloans",
          "nonOverdue_loans_prop",
          "liabs_and_principal_prop",
          "CurrentLoansCount",
          "maxLoan",
          "currentPMT",
          "total_repaid_amount",
          "totOverdue",
          "totLiab",
          "SwitchClassQ"
         ],
         "xaxis": "x",
         "y": [
          "CURRENCY",
          "RATE",
          "DISBURSEMENT",
          "OUTSTANDING",
          "OVERDUEDAYS",
          "rcvLoansCount",
          "banks_rcvloans",
          "uco_rcvloans",
          "nonOverdue_loans_prop",
          "liabs_and_principal_prop",
          "CurrentLoansCount",
          "maxLoan",
          "currentPMT",
          "total_repaid_amount",
          "totOverdue",
          "totLiab",
          "SwitchClassQ"
         ],
         "yaxis": "y",
         "z": [
          [
           1,
           -0.45866441102028715,
           0.4153589994130775,
           0.41632984998291267,
           0.379929044890817,
           -0.001191230975110693,
           0.034226869021457586,
           -0.08837624293816516,
           0.03127808784520048,
           0.057506064882507445,
           0.05867726539695547,
           -0.05391438995050738,
           0.01580492291782771,
           -0.03884346873863988,
           0.07849990422842348,
           -0.01829680761437942,
           0.06096575083314238
          ],
          [
           -0.45866441102028715,
           1,
           -0.315693530334992,
           -0.20726572698565485,
           -0.12555287989205857,
           0.02758296742484975,
           -0.03445673366308889,
           0.10975011786059068,
           0.02241292726245159,
           -0.08665029233338833,
           -0.026353553045917803,
           -0.007294461199857304,
           -0.03520272097772919,
           -0.002039666868241621,
           0.036766541882496215,
           -0.013265562049590259,
           0.11371962049895785
          ],
          [
           0.4153589994130775,
           -0.315693530334992,
           1,
           0.8979818839824615,
           0.07480236576128399,
           0.022586013257219605,
           0.05641100078015937,
           0.04522936654877532,
           0.06946422217699172,
           0.008580986834780069,
           0.05957540547990283,
           0.23972789977365,
           0.27179028482643486,
           0.16962200337088107,
           0.07308003762352014,
           0.24770847506499927,
           -0.02446916744360626
          ],
          [
           0.41632984998291267,
           -0.20726572698565485,
           0.8979818839824615,
           1,
           0.13480469562176578,
           0.07700935278880224,
           0.08097411223863892,
           0.05310574475173945,
           0.1203446543131164,
           -0.024059161971390946,
           0.07080411301577984,
           0.2189866602991203,
           0.24757933869107113,
           0.1420764038229572,
           0.09210895009114861,
           0.21120255379394648,
           0.040691178244082436
          ],
          [
           0.379929044890817,
           -0.12555287989205857,
           0.07480236576128399,
           0.13480469562176578,
           1,
           -0.0653013782187536,
           -0.045670297692443594,
           -0.0666827849491527,
           -0.05443468876354686,
           0.1291849872847023,
           -0.04920623918710506,
           -0.03992403064321783,
           -0.030706926210321606,
           -0.04493117883729304,
           -0.030025998964755968,
           -0.027352851290452836,
           0.015815849282719684
          ],
          [
           -0.001191230975110693,
           0.02758296742484975,
           0.022586013257219605,
           0.07700935278880224,
           -0.0653013782187536,
           1,
           0.8620670927090028,
           0.47079799277477785,
           0.4803875962257596,
           -0.3525850636606049,
           0.7253967291191922,
           0.18314484179348814,
           0.32333200176191806,
           0.46020492090659104,
           0.019728293180475313,
           0.2436066293704907,
           0.185438194033082
          ],
          [
           0.034226869021457586,
           -0.03445673366308889,
           0.05641100078015937,
           0.08097411223863892,
           -0.045670297692443594,
           0.8620670927090028,
           1,
           0.28518901673604147,
           0.4454020548108366,
           -0.3244415927751339,
           0.641169011584599,
           0.2605451512961983,
           0.3293267622112229,
           0.528607491940774,
           0.01457692030068378,
           0.31464571815986286,
           0.1304415533623037
          ],
          [
           -0.08837624293816516,
           0.10975011786059068,
           0.04522936654877532,
           0.05310574475173945,
           -0.0666827849491527,
           0.47079799277477785,
           0.28518901673604147,
           1,
           0.31525671846730674,
           -0.16771568542700446,
           0.41687999148317856,
           0.5332872430030349,
           0.512899231662415,
           0.6432543833348586,
           0.0067811613703762826,
           0.6654205872903723,
           0.09763643294028211
          ],
          [
           0.03127808784520048,
           0.02241292726245159,
           0.06946422217699172,
           0.1203446543131164,
           -0.05443468876354686,
           0.4803875962257596,
           0.4454020548108366,
           0.31525671846730674,
           1,
           -0.7195045437049314,
           0.029103282160757263,
           0.20635898866425242,
           0.16028610607024524,
           0.35322243140697007,
           -0.0055271646072069,
           0.17229016368907366,
           0.17436251942690464
          ],
          [
           0.057506064882507445,
           -0.08665029233338833,
           0.008580986834780069,
           -0.024059161971390946,
           0.1291849872847023,
           -0.3525850636606049,
           -0.3244415927751339,
           -0.16771568542700446,
           -0.7195045437049314,
           1,
           -0.018158587876740673,
           -0.056081178001349104,
           -0.03888517330113731,
           -0.27604037143249677,
           0.016490277891834673,
           0.04062102324961871,
           -0.18539672112886577
          ],
          [
           0.05867726539695547,
           -0.026353553045917803,
           0.05957540547990283,
           0.07080411301577984,
           -0.04920623918710506,
           0.7253967291191922,
           0.641169011584599,
           0.41687999148317856,
           0.029103282160757263,
           -0.018158587876740673,
           1,
           0.1662592347313566,
           0.40439589494886213,
           0.3366693983531536,
           0.07925198232045634,
           0.30234466744513167,
           0.10167068171513316
          ],
          [
           -0.05391438995050738,
           -0.007294461199857304,
           0.23972789977365,
           0.2189866602991203,
           -0.03992403064321783,
           0.18314484179348814,
           0.2605451512961983,
           0.5332872430030349,
           0.20635898866425242,
           -0.056081178001349104,
           0.1662592347313566,
           1,
           0.7826877342259178,
           0.831141462586053,
           -0.01168319754344856,
           0.9105328355968009,
           -0.020593059607035853
          ],
          [
           0.01580492291782771,
           -0.03520272097772919,
           0.27179028482643486,
           0.24757933869107113,
           -0.030706926210321606,
           0.32333200176191806,
           0.3293267622112229,
           0.512899231662415,
           0.16028610607024524,
           -0.03888517330113731,
           0.40439589494886213,
           0.7826877342259178,
           1,
           0.7866539510189654,
           0.037659481673305815,
           0.8234264391767955,
           0.006875024106382766
          ],
          [
           -0.03884346873863988,
           -0.002039666868241621,
           0.16962200337088107,
           0.1420764038229572,
           -0.04493117883729304,
           0.46020492090659104,
           0.528607491940774,
           0.6432543833348586,
           0.35322243140697007,
           -0.27604037143249677,
           0.3366693983531536,
           0.831141462586053,
           0.7866539510189654,
           1,
           -0.004989521605296088,
           0.8217102603876251,
           0.032455206276968275
          ],
          [
           0.07849990422842348,
           0.036766541882496215,
           0.07308003762352014,
           0.09210895009114861,
           -0.030025998964755968,
           0.019728293180475313,
           0.01457692030068378,
           0.0067811613703762826,
           -0.0055271646072069,
           0.016490277891834673,
           0.07925198232045634,
           -0.01168319754344856,
           0.037659481673305815,
           -0.004989521605296088,
           1,
           0.02233606009795366,
           0.06854017431112237
          ],
          [
           -0.01829680761437942,
           -0.013265562049590259,
           0.24770847506499927,
           0.21120255379394648,
           -0.027352851290452836,
           0.2436066293704907,
           0.31464571815986286,
           0.6654205872903723,
           0.17229016368907366,
           0.04062102324961871,
           0.30234466744513167,
           0.9105328355968009,
           0.8234264391767955,
           0.8217102603876251,
           0.02233606009795366,
           1,
           -0.030488173853430472
          ],
          [
           0.06096575083314238,
           0.11371962049895785,
           -0.02446916744360626,
           0.040691178244082436,
           0.015815849282719684,
           0.185438194033082,
           0.1304415533623037,
           0.09763643294028211,
           0.17436251942690464,
           -0.18539672112886577,
           0.10167068171513316,
           -0.020593059607035853,
           0.006875024106382766,
           0.032455206276968275,
           0.06854017431112237,
           -0.030488173853430472,
           1
          ]
         ]
        }
       ],
       "layout": {
        "coloraxis": {
         "colorscale": [
          [
           0,
           "#0d0887"
          ],
          [
           0.1111111111111111,
           "#46039f"
          ],
          [
           0.2222222222222222,
           "#7201a8"
          ],
          [
           0.3333333333333333,
           "#9c179e"
          ],
          [
           0.4444444444444444,
           "#bd3786"
          ],
          [
           0.5555555555555556,
           "#d8576b"
          ],
          [
           0.6666666666666666,
           "#ed7953"
          ],
          [
           0.7777777777777778,
           "#fb9f3a"
          ],
          [
           0.8888888888888888,
           "#fdca26"
          ],
          [
           1,
           "#f0f921"
          ]
         ]
        },
        "height": 800,
        "margin": {
         "t": 60
        },
        "template": {
         "data": {
          "bar": [
           {
            "error_x": {
             "color": "#2a3f5f"
            },
            "error_y": {
             "color": "#2a3f5f"
            },
            "marker": {
             "line": {
              "color": "#E5ECF6",
              "width": 0.5
             },
             "pattern": {
              "fillmode": "overlay",
              "size": 10,
              "solidity": 0.2
             }
            },
            "type": "bar"
           }
          ],
          "barpolar": [
           {
            "marker": {
             "line": {
              "color": "#E5ECF6",
              "width": 0.5
             },
             "pattern": {
              "fillmode": "overlay",
              "size": 10,
              "solidity": 0.2
             }
            },
            "type": "barpolar"
           }
          ],
          "carpet": [
           {
            "aaxis": {
             "endlinecolor": "#2a3f5f",
             "gridcolor": "white",
             "linecolor": "white",
             "minorgridcolor": "white",
             "startlinecolor": "#2a3f5f"
            },
            "baxis": {
             "endlinecolor": "#2a3f5f",
             "gridcolor": "white",
             "linecolor": "white",
             "minorgridcolor": "white",
             "startlinecolor": "#2a3f5f"
            },
            "type": "carpet"
           }
          ],
          "choropleth": [
           {
            "colorbar": {
             "outlinewidth": 0,
             "ticks": ""
            },
            "type": "choropleth"
           }
          ],
          "contour": [
           {
            "colorbar": {
             "outlinewidth": 0,
             "ticks": ""
            },
            "colorscale": [
             [
              0,
              "#0d0887"
             ],
             [
              0.1111111111111111,
              "#46039f"
             ],
             [
              0.2222222222222222,
              "#7201a8"
             ],
             [
              0.3333333333333333,
              "#9c179e"
             ],
             [
              0.4444444444444444,
              "#bd3786"
             ],
             [
              0.5555555555555556,
              "#d8576b"
             ],
             [
              0.6666666666666666,
              "#ed7953"
             ],
             [
              0.7777777777777778,
              "#fb9f3a"
             ],
             [
              0.8888888888888888,
              "#fdca26"
             ],
             [
              1,
              "#f0f921"
             ]
            ],
            "type": "contour"
           }
          ],
          "contourcarpet": [
           {
            "colorbar": {
             "outlinewidth": 0,
             "ticks": ""
            },
            "type": "contourcarpet"
           }
          ],
          "heatmap": [
           {
            "colorbar": {
             "outlinewidth": 0,
             "ticks": ""
            },
            "colorscale": [
             [
              0,
              "#0d0887"
             ],
             [
              0.1111111111111111,
              "#46039f"
             ],
             [
              0.2222222222222222,
              "#7201a8"
             ],
             [
              0.3333333333333333,
              "#9c179e"
             ],
             [
              0.4444444444444444,
              "#bd3786"
             ],
             [
              0.5555555555555556,
              "#d8576b"
             ],
             [
              0.6666666666666666,
              "#ed7953"
             ],
             [
              0.7777777777777778,
              "#fb9f3a"
             ],
             [
              0.8888888888888888,
              "#fdca26"
             ],
             [
              1,
              "#f0f921"
             ]
            ],
            "type": "heatmap"
           }
          ],
          "heatmapgl": [
           {
            "colorbar": {
             "outlinewidth": 0,
             "ticks": ""
            },
            "colorscale": [
             [
              0,
              "#0d0887"
             ],
             [
              0.1111111111111111,
              "#46039f"
             ],
             [
              0.2222222222222222,
              "#7201a8"
             ],
             [
              0.3333333333333333,
              "#9c179e"
             ],
             [
              0.4444444444444444,
              "#bd3786"
             ],
             [
              0.5555555555555556,
              "#d8576b"
             ],
             [
              0.6666666666666666,
              "#ed7953"
             ],
             [
              0.7777777777777778,
              "#fb9f3a"
             ],
             [
              0.8888888888888888,
              "#fdca26"
             ],
             [
              1,
              "#f0f921"
             ]
            ],
            "type": "heatmapgl"
           }
          ],
          "histogram": [
           {
            "marker": {
             "pattern": {
              "fillmode": "overlay",
              "size": 10,
              "solidity": 0.2
             }
            },
            "type": "histogram"
           }
          ],
          "histogram2d": [
           {
            "colorbar": {
             "outlinewidth": 0,
             "ticks": ""
            },
            "colorscale": [
             [
              0,
              "#0d0887"
             ],
             [
              0.1111111111111111,
              "#46039f"
             ],
             [
              0.2222222222222222,
              "#7201a8"
             ],
             [
              0.3333333333333333,
              "#9c179e"
             ],
             [
              0.4444444444444444,
              "#bd3786"
             ],
             [
              0.5555555555555556,
              "#d8576b"
             ],
             [
              0.6666666666666666,
              "#ed7953"
             ],
             [
              0.7777777777777778,
              "#fb9f3a"
             ],
             [
              0.8888888888888888,
              "#fdca26"
             ],
             [
              1,
              "#f0f921"
             ]
            ],
            "type": "histogram2d"
           }
          ],
          "histogram2dcontour": [
           {
            "colorbar": {
             "outlinewidth": 0,
             "ticks": ""
            },
            "colorscale": [
             [
              0,
              "#0d0887"
             ],
             [
              0.1111111111111111,
              "#46039f"
             ],
             [
              0.2222222222222222,
              "#7201a8"
             ],
             [
              0.3333333333333333,
              "#9c179e"
             ],
             [
              0.4444444444444444,
              "#bd3786"
             ],
             [
              0.5555555555555556,
              "#d8576b"
             ],
             [
              0.6666666666666666,
              "#ed7953"
             ],
             [
              0.7777777777777778,
              "#fb9f3a"
             ],
             [
              0.8888888888888888,
              "#fdca26"
             ],
             [
              1,
              "#f0f921"
             ]
            ],
            "type": "histogram2dcontour"
           }
          ],
          "mesh3d": [
           {
            "colorbar": {
             "outlinewidth": 0,
             "ticks": ""
            },
            "type": "mesh3d"
           }
          ],
          "parcoords": [
           {
            "line": {
             "colorbar": {
              "outlinewidth": 0,
              "ticks": ""
             }
            },
            "type": "parcoords"
           }
          ],
          "pie": [
           {
            "automargin": true,
            "type": "pie"
           }
          ],
          "scatter": [
           {
            "marker": {
             "colorbar": {
              "outlinewidth": 0,
              "ticks": ""
             }
            },
            "type": "scatter"
           }
          ],
          "scatter3d": [
           {
            "line": {
             "colorbar": {
              "outlinewidth": 0,
              "ticks": ""
             }
            },
            "marker": {
             "colorbar": {
              "outlinewidth": 0,
              "ticks": ""
             }
            },
            "type": "scatter3d"
           }
          ],
          "scattercarpet": [
           {
            "marker": {
             "colorbar": {
              "outlinewidth": 0,
              "ticks": ""
             }
            },
            "type": "scattercarpet"
           }
          ],
          "scattergeo": [
           {
            "marker": {
             "colorbar": {
              "outlinewidth": 0,
              "ticks": ""
             }
            },
            "type": "scattergeo"
           }
          ],
          "scattergl": [
           {
            "marker": {
             "colorbar": {
              "outlinewidth": 0,
              "ticks": ""
             }
            },
            "type": "scattergl"
           }
          ],
          "scattermapbox": [
           {
            "marker": {
             "colorbar": {
              "outlinewidth": 0,
              "ticks": ""
             }
            },
            "type": "scattermapbox"
           }
          ],
          "scatterpolar": [
           {
            "marker": {
             "colorbar": {
              "outlinewidth": 0,
              "ticks": ""
             }
            },
            "type": "scatterpolar"
           }
          ],
          "scatterpolargl": [
           {
            "marker": {
             "colorbar": {
              "outlinewidth": 0,
              "ticks": ""
             }
            },
            "type": "scatterpolargl"
           }
          ],
          "scatterternary": [
           {
            "marker": {
             "colorbar": {
              "outlinewidth": 0,
              "ticks": ""
             }
            },
            "type": "scatterternary"
           }
          ],
          "surface": [
           {
            "colorbar": {
             "outlinewidth": 0,
             "ticks": ""
            },
            "colorscale": [
             [
              0,
              "#0d0887"
             ],
             [
              0.1111111111111111,
              "#46039f"
             ],
             [
              0.2222222222222222,
              "#7201a8"
             ],
             [
              0.3333333333333333,
              "#9c179e"
             ],
             [
              0.4444444444444444,
              "#bd3786"
             ],
             [
              0.5555555555555556,
              "#d8576b"
             ],
             [
